2000 2001 2002 2003 2004 2005 2006 2007 2008 2009 2010 2011 2012 2013 2014 2015 2016 2017 2018 2000 2001 2002 2003 2004 2005 2006 2007 2008 2009 2010 2011 2012 2013 2014 2015 2016 2017 2018
0 1 1 1 1 1 1 1 1 1115 983 1231 1948 1 1 3367 2318 2424 2474 1 1 1 1 1 1 1 1 1 3 3 4 6 1 1 9 6 6 6
131 220 216 166 131 154 95 105 93 85 127 142 157 124 117 64 79 58 66 4 7 6 5 4 4 3 3 3 2 4 4 5 4 4 2 2 2 2
0 1 1 650 449 204 312 271 328 277 254 280 523 480 577 542 1 1 1 1 1 1 2 1 1 1 1 1 1 1 1 1 1 1 1 1 1 0
0 1 7 3 4 6 4 1 3 2 5 5 2 3 3 4 3 1 1 1 1 11 5 6 10 6 1 5 3 8 8 3 5 5 7 5 1 0
0 1 1 1 1 1 1 1 1 1 1 1 1 1 1 1 1 1 1 1 1 1 1 1 1 1 1 1 1 1 1 1 1 1 1 1 1 0
0 1 1 1 1 1 1 1 1 1 1 1055 1217 1 1 1 1 1 1 1 1 1 1 1 1 1 1 1 1 1 4 4 1 1 1 1 1 0
1 1 2 2 1 1 5 4 1 1 1 1 5 1 4 1 1 1 1 8 1 17 16 8 1 39 31 7 7 1 1 36 7 28 1 1 1 0
5 7 5 5 4 3 11 17 16 16 6 1 10 1 1 1 1 1 1 6 9 6 6 4 3 13 20 18 18 6 1 11 1 1 1 1 1 0
0 1 1 1 1 1 1 2099 2321 1 1 1 1 1 3227 2837 2625 2279 2362 1 1 1 1 1 1 1 5 5 1 1 1 1 1 7 6 6 5 5
91 88 69 76 83 58 79 77 97 97 56 71 65 63 72 75 87 70 50 2 2 2 2 2 1 2 2 3 3 1 2 2 2 2 2 2 2 1
0 4 5 4 2 6 5 3 5 4 4 2 4 6 2 1 1 1 1 1 4 5 4 2 5 4 2 4 3 3 1 3 5 1 1 1 1 0
362 347 366 302 263 259 281 255 261 263 231 248 243 245 243 236 227 203 222 1 1 1 1 1 1 1 1 1 1 1 1 1 1 1 1 1 1 0
82 70 65 50 59 54 61 45 58 51 58 75 79 62 45 46 57 70 86 1 1 1 1 1 1 1 1 1 1 1 1 1 1 1 1 1 1 0
226 218 212 183 201 192 190 189 192 1 206 1 202 221 236 225 208 201 219 2 2 2 2 2 2 2 2 2 1 2 1 2 2 2 2 2 2 2
74 43 52 50 44 52 61 78 73 87 94 127 111 119 124 146 111 122 1 24 14 16 15 13 16 18 23 21 24 26 35 30 32 33 39 29 31 0
0 9 8 3 7 4 7 4 6 13 11 7 4 5 7 1 1 1 1 1 1 1 1 1 1 1 1 1 1 1 1 1 1 1 1 1 1 0
3343 3678 3503 3471 3902 3592 4166 3863 4099 4219 3988 3966 4114 4393 4514 4035 3591 3549 3830 2 2 2 2 2 2 2 2 2 2 2 2 2 2 2 2 2 2 2
20 25 25 33 22 29 35 25 23 19 31 27 22 24 25 31 22 30 28 7 9 9 12 7 10 12 8 8 6 10 9 7 8 8 10 7 10 9
1013 969 989 879 815 825 734 649 552 487 401 373 340 333 340 326 307 240 226 10 9 10 9 8 8 7 6 5 5 4 3 3 3 3 3 3 2 2
212 282 319 230 268 221 221 211 203 189 189 214 205 205 210 230 174 193 1 2 2 3 2 2 2 2 1 1 1 1 1 1 1 1 2 1 1 0
41 64 87 67 79 81 92 97 103 97 129 124 145 99 123 119 138 142 1 16 25 33 24 28 28 31 32 33 30 40 37 42 28 34 32 37 37 0
0 1 1 1 1 1 1 1 1 1 1 1 1 1 1 1 1 126 1 1 1 1 1 1 1 1 1 1 1 1 1 1 1 1 1 1 1 0
0 3 1 2 1 2 3 3 5 6 7 8 6 5 4 4 8 5 1 1 4 1 3 1 3 4 4 7 9 10 12 9 7 6 6 12 8 0
18 19 19 5 15 11 9 14 18 16 16 32 33 24 1 12 9 13 9 3 3 3 1 2 1 1 2 2 2 2 4 4 3 1 1 1 1 1
0 1 1 1 1 478 482 770 828 819 1273 1236 1221 932 942 671 686 1 1 1 1 1 1 1 5 5 8 8 8 12 12 11 8 8 6 6 1 0
0 1 1 1 1 1 1 1 1 1 1 1 1 1 1 1 1 1 1 1 1 1 1 1 1 1 1 1 1 1 1 1 1 1 1 1 1 0
99 82 90 1 68 70 73 66 66 71 56 51 63 46 50 57 45 42 39 2 2 2 1 1 1 1 1 1 1 1 1 1 1 1 1 1 1 1
0 213 255 312 259 291 261 280 281 289 303 1 1 1 1 1 1 1 1 1 12 14 17 14 16 14 14 14 14 15 1 1 1 1 1 1 1 0
41594 43974 45585 46827 44379 43644 45086 44625 45885 44518 43272 48084 53054 54163 58497 58459 61597 64078 57358 23 24 25 25 24 23 23 23 23 22 22 24 26 26 28 28 29 30 27
0 1 1 2 4 1 2 1 1 1 1 1 1 1 1 1 1 1 1 1 4 4 9 17 1 8 1 1 1 1 1 1 1 1 1 1 1 0
4 1 1 3 2 2 3 3 1 3 1 1 4 2 1 1 1 1 1 1 1 1 1 1 1 1 1 1 1 1 1 1 1 1 1 1 1 0
332 308 255 247 244 199 186 177 172 150 148 128 141 109 114 126 79 103 92 4 3 3 3 3 2 2 2 2 2 1 1 1 1 1 1 1 1 1
0 1 78 81 78 63 69 94 151 135 123 90 115 121 130 117 209 240 1 1 1 1 1 1 1 1 1 1 1 1 1 1 1 1 1 1 1 0
0 1 1 1 1 1 1 1 341 376 347 349 500 520 564 461 635 1 1 1 1 1 1 1 1 1 1 4 4 3 3 5 5 5 4 6 1 0
0 1 1 15 21 44 35 29 34 38 39 53 56 54 65 46 62 38 37 1 1 1 3 4 9 7 6 7 7 7 10 11 10 12 8 11 7 6
571 407 425 509 511 448 400 393 333 331 331 268 1 1 1 1 1 1 1 4 3 3 3 3 3 2 2 2 2 2 1 1 1 1 1 1 1 0
459 755 1031 1002 1 1 1 1 776 1277 999 835 880 1 212 269 276 341 1 2 4 6 5 1 1 1 1 4 6 4 3 4 1 1 1 1 1 0
546 554 582 549 625 664 608 597 614 610 556 606 548 509 522 610 612 660 651 1 1 1 1 1 2 1 1 1 1 1 1 1 1 1 1 1 1 1
4 2 1 3 5 3 1 2 4 8 9 1 1 5 5 1 1 1 1 9 4 1 6 10 6 1 3 7 14 15 1 1 8 8 1 1 1 0
0 1 1 1 1 1 1 1 1 1 1 1 1 1 1 1 913 1 1 1 1 1 1 1 1 1 1 1 1 1 1 1 1 1 1 20 1 0
0 1 1 1 1 1 1 1 1 1 1 1 1 1 1 1 1 1 1 1 1 1 1 1 1 1 1 1 1 1 1 1 1 1 1 1 1 0
0 1 1 1 1 1 2 1 1 1 1 1 1 1 1 1 1 1 1 1 1 1 1 1 1 1 1 1 1 1 1 1 1 1 1 1 1 0
0 1 1 513 1 576 590 616 588 630 541 636 434 556 438 610 612 779 825 1 1 1 3 1 3 3 3 3 3 3 3 2 3 2 3 3 4 4
0 1 26276 24393 24711 20770 17973 16119 14811 14667 13410 12015 11286 10640 10083 9200 8634 7990 7525 1 1 2 1 1 1 1 1 1 1 1 1 1 1 1 1 1 1 0
43 66 69 52 45 34 35 18 36 47 35 17 27 62 27 22 28 24 48 1 1 1 1 1 1 1 1 1 1 1 1 1 1 1 1 1 1 0
10 8 2 8 4 4 10 6 4 6 2 4 4 1 1 1 1 2 2 2 1 1 1 1 1 2 1 1 1 1 1 1 1 1 1 1 1 0
0 1 1 1 1 1 1 1 1 1 1 1 1 1 1 1 1 1 1 1 1 1 1 1 1 1 1 1 1 1 1 1 1 1 1 1 1 0
26539 27840 28387 23523 20210 18111 17479 17198 16140 15817 15459 16127 16440 15419 13343 12782 12402 12237 12586 66 69 69 56 48 42 40 39 36 35 34 35 35 33 28 26 25 25 25
0 1 1 1 1 1 1 1 1 1 1 1 1 1 1 1 1 1 1 1 1 1 1 1 1 1 1 1 1 1 1 1 1 1 1 1 1 0
0 1 1 1 1 1 1 1 1 1 1 1 1 1 1 1 1 1 1 1 1 1 1 1 1 1 1 1 1 1 1 1 1 1 1 1 1 0
0 1 1 1 1 1 1 1 1 1 1 1 1 1 1 1 1 1 1 1 1 1 1 1 1 1 1 1 1 1 1 3 1 1 1 1 1 0
249 257 258 300 280 335 351 369 512 525 527 474 407 411 477 557 578 603 563 6 6 6 7 6 7 8 8 11 11 11 10 8 8 9 11 11 12 11
0 1 1 1 1 1 1 1 1 1 1 1 1 1 1 1 1 1 1 1 1 1 1 1 1 1 1 1 1 1 1 1 1 1 1 1 1 0
101 81 73 69 83 68 74 62 71 49 62 49 51 46 36 37 44 46 24 2 1 1 1 1 1 1 1 1 1 1 1 1 1 1 1 1 1 0
587 605 661 642 660 684 576 568 515 565 505 534 621 674 600 619 572 1 1 5 5 5 5 5 6 5 5 4 5 4 4 5 5 5 5 5 1 0
0 10 39 43 41 26 18 26 1 1 1 1 1 1 1 1 1 1 1 1 7 30 33 31 19 13 19 1 1 1 1 1 1 1 1 1 1 0
8 7 2 14 16 20 15 13 9 19 8 9 22 12 11 15 13 7 15 1 1 1 1 1 1 1 1 1 1 1 1 1 1 1 1 1 1 1
191 135 139 163 134 108 130 126 114 94 103 86 105 90 81 88 65 66 1 1 1 1 1 1 1 1 1 1 1 1 1 1 1 1 1 1 1 0
0 1 1 1 1 1 1 1 1 1 1 1 1 1 1 1 1 1 1 1 1 1 1 1 1 1 1 1 1 1 1 1 1 1 1 1 1 0
0 1 1 1 1 1 1 1 1 1 1 1 1 1 1 1 1 1 1 1 1 1 1 1 1 1 1 1 1 1 1 1 1 1 1 1 1 0
58 52 48 65 43 53 29 39 54 47 42 46 47 48 74 62 56 71 58 1 1 1 1 1 1 1 1 1 1 1 1 1 1 1 1 1 1 1
0 1 1 1 1 1 1 1 1 1 1 1 1 1 1 1 1 1 1 1 1 1 1 1 1 1 1 1 1 1 1 1 1 1 1 1 1 0
2 1 9 8 8 8 5 7 7 13 15 6 1 1 9 9 16 19 1 2 1 12 11 11 11 7 9 9 18 21 8 1 1 12 12 22 26 0
1210 1095 1279 1902 2239 2394 2144 2111 2394 2375 2474 2513 2268 1978 1810 1 1616 1216 1068 14 12 14 21 24 26 23 22 25 24 25 25 22 19 17 1 15 11 10
1833 1658 1906 1937 2390 2121 2385 2273 2607 2625 2623 2344 1923 1725 1311 1052 963 972 991 14 12 14 14 17 15 16 15 17 17 17 15 12 10 8 6 5 5 5
0 1 1 471 322 522 549 680 967 912 1839 2703 2207 1 1 1 1 1 1 1 1 1 1 1 1 1 1 1 1 2 3 2 1 1 1 1 1 0
3551 3590 2835 3356 3897 3882 3927 3497 3179 4382 3987 4371 2594 2513 3921 6656 5276 3942 3340 60 60 47 55 64 64 64 57 51 71 64 70 41 40 62 105 83 61 52
0 1 1 1 1 1 1 1 1 1 1 1 1 1 1 1 1 1 1 1 1 1 1 1 1 1 1 1 1 1 1 1 1 1 1 1 1 0
0 1 1 1 1 1 1 1 1 1 1 1 1 1 1 1 1 1 1 1 1 1 1 1 1 1 1 1 1 1 1 1 1 1 1 1 1 0
143 137 142 147 91 113 91 96 86 70 70 65 63 52 41 45 33 29 28 10 9 10 10 6 8 6 7 6 5 5 4 4 3 3 3 2 2 2
128 184 134 135 146 139 127 121 217 187 208 172 104 102 118 112 116 130 1 12 18 13 13 14 13 12 11 20 17 19 16 9 9 10 10 10 11 0
0 1 1 1 1 1 1 1 1 1 1 1 8153 1 1 1 1 1 1 1 1 1 1 1 1 1 1 1 1 1 1 8 1 1 1 1 1 0
0 1 1 1 1 1 1 1 1 1 1 1 1 1 1 1 1 1 1 1 1 1 1 1 1 1 1 1 1 1 1 1 1 1 1 1 1 0
0 1 1 1 1 1 1 1 1 1 1 1 1 1 1 1 1 1 1 1 1 1 1 1 1 1 1 1 1 1 1 1 1 1 1 1 1 0
0 1 1 25 23 23 22 21 17 29 20 20 20 19 20 1 1 1 1 1 1 1 3 2 2 2 2 2 3 2 2 2 2 2 1 1 1 0
148 156 132 103 148 119 119 129 133 120 119 110 88 89 88 82 74 69 90 2 2 2 1 2 2 2 2 2 2 2 2 1 1 1 1 1 1 1
1051 1047 1119 987 990 976 879 993 1021 819 796 856 784 777 792 1012 874 824 779 1 1 1 1 1 1 1 1 1 1 1 1 1 1 1 1 1 1 1
0 1 1 1 58 45 42 28 32 30 1 1 1 1 1 1 1 1 1 1 1 1 1 29 22 20 12 14 13 1 1 1 1 1 1 1 1 0
0 1 1 1 1 1 3 7 9 1 1 1 1 1 1 1 1 1 1 1 1 1 1 1 1 1 2 3 1 1 1 1 1 1 1 1 1 0
0 1 1 1 1 1 1 1 1 1 1 1 1 1 1 1 1 1 1 1 1 1 1 1 1 1 1 1 1 1 1 1 1 1 1 1 1 0
0 1 1 1 1 1 1 1 1 1 1 1 1 1 1 1 1 1 1 1 1 1 1 1 1 1 1 1 1 1 1 1 1 1 1 1 1 0
239 263 292 302 298 403 323 330 263 210 187 1 1 1 108 1 39 1 89 5 6 6 7 7 9 7 7 6 5 4 1 1 1 2 1 1 1 2
1015 925 955 859 868 869 808 757 722 803 793 738 659 682 716 682 963 813 788 1 1 1 1 1 1 1 1 1 1 1 1 1 1 1 1 1 1 0
0 433 401 436 452 393 412 399 430 427 422 423 560 551 543 525 549 609 1 1 2 1 2 2 1 1 1 1 1 1 1 2 2 1 1 1 2 0
0 1 1 1 1 1 1 1 1 1 1 1 1 1 1 1 1 1 1 1 1 1 1 1 1 1 1 1 1 2 1 1 1 1 1 1 1 0
0 132 94 122 111 132 110 130 144 152 176 184 166 153 107 93 84 86 99 1 1 1 1 1 1 1 1 1 1 1 1 1 1 1 1 1 1 0
13 17 12 5 11 10 8 8 8 10 11 1 8 7 4 4 3 1 1 23 30 21 8 19 17 14 14 14 17 19 1 14 12 7 7 5 1 0
15 6 14 9 6 11 12 11 16 7 10 4 14 6 8 6 11 12 1 14 5 13 8 5 10 11 10 15 6 9 3 13 5 7 5 9 10 0
0 1 1 1 26 23 24 29 32 36 1 27 31 35 21 39 23 1 1 1 1 1 1 6 5 5 7 7 8 1 6 7 8 5 9 5 1 0
2 8 2 8 9 7 11 1 1 5 3 4 1 1 1 1 1 1 1 1 5 1 5 5 4 6 1 1 3 1 2 1 1 1 1 1 1 0
2904 3230 3631 4237 4507 5338 5885 5781 6292 6498 5960 5681 5155 5253 4998 4778 4520 4410 3881 24 27 29 33 35 40 43 42 44 45 40 38 33 33 31 29 27 26 22
0 1 1 1 1 1 1 1 1 1 1 1 1 1 1 1 1 1 1 1 1 1 1 1 1 1 1 1 1 1 1 1 1 1 1 1 1 0
0 1 1 1 1 1 1 1 1 1 1 1 1 81 65 48 64 21 1 1 1 1 1 1 1 1 1 1 1 1 1 1 4 3 2 3 1 0
76 80 143 209 131 142 153 115 158 117 140 130 139 155 149 149 142 115 111 10 10 19 28 17 19 20 15 21 15 18 17 18 20 19 19 18 14 14
0 1 1 1 1 1 1 486 498 598 677 914 1033 1039 980 1071 1028 1 743 1 1 1 1 1 1 1 5 5 6 6 9 10 9 9 10 9 1 6
0 1 1 1 1 1 1 1 1 1 1 1 1 1 1 1 1 1 1 1 1 1 1 1 1 1 1 1 1 1 1 1 1 1 1 1 1 0
3176 3488 3623 4073 3639 3212 3118 3588 4455 5280 6236 7104 7172 6431 5891 5148 5150 3864 3732 48 51 52 57 49 43 40 45 55 64 74 83 83 73 65 56 55 40 38
205 254 203 228 209 164 174 154 181 139 138 145 124 154 146 221 202 242 1 2 2 1 2 2 1 1 1 1 1 1 1 1 1 1 2 2 2 0
5 1 4 1 3 3 1 2 1 1 2 3 1 1 2 3 1 3 3 1 1 1 1 1 1 1 1 1 1 1 1 1 1 1 1 1 1 0
48167 46420 45736 44331 46490 45095 44961 45362 45999 45824 46460 47640 47478 45878 47356 44373 42678 41832 41651 4 4 4 3 4 3 3 3 3 3 3 3 3 3 3 3 3 3 3
2204 1 1 1635 1419 1 1 1 1372 1311 1058 1467 1456 1386 1277 1491 1292 1150 1 1 1 1 1 1 1 1 1 1 1 1 1 1 1 1 1 1 1 0
0 1 1 1803 2015 1 1 1 1 2215 1 1 1 2037 1936 1 1 1 1 1 1 1 2 2 1 1 1 1 3 1 1 1 2 2 1 1 1 0
0 1 1 1 1 1 1 1 4596 2554 2691 2634 2697 3339 3029 1 1 1 1 1 1 1 1 1 1 1 1 16 8 9 8 8 10 10 1 1 1 0
0 1 1 1 1 1 1 1 1 1 1 1 1 1 1 1 1 1 1 1 1 1 1 1 1 1 1 1 1 1 1 1 1 1 1 1 1 0
0 1 1 1 1 1 1 1 1 1 1 1 1 1 1 1 1 1 1 1 1 1 1 1 1 1 1 1 1 1 1 1 1 1 1 1 1 0
37 52 52 37 30 52 62 78 51 53 55 42 52 51 52 31 37 41 42 1 1 1 1 1 1 1 1 1 1 1 1 1 1 1 1 1 1 0
0 1 1 1 1 1 1 1 1 1 1 1 2 2 3 1 1 1 1 1 1 1 1 1 1 1 1 1 1 1 1 2 2 3 1 1 1 0
154 193 208 171 159 169 153 135 120 144 150 147 128 127 108 110 104 123 1 2 3 3 2 2 2 2 1 1 2 2 1 1 1 1 1 1 1 0
766 709 644 719 714 610 625 631 615 590 529 552 530 502 475 469 400 371 345 1 1 1 1 1 1 1 1 1 1 1 1 1 1 1 1 1 1 0
887 1139 1045 975 1471 1674 1340 1584 1619 1683 1447 1133 1099 1201 1005 1208 1354 1647 1287 33 42 38 35 53 61 48 57 58 60 51 40 38 42 34 41 46 56 43
678 697 662 697 699 643 619 574 654 506 465 442 429 370 395 363 362 306 334 1 1 1 1 1 1 1 1 1 1 1 1 1 1 1 1 1 1 0
0 1 1 1 1 67 100 112 120 102 116 141 161 144 170 151 131 133 1 1 1 1 1 1 1 1 1 1 1 1 1 1 1 1 1 1 1 0
2325 2160 1967 1991 2091 1 1 1 1807 1771 1387 1420 1266 1120 904 853 1 915 1 15 14 13 13 13 1 1 1 11 11 8 8 7 6 5 4 1 5 0
0 1 1 1 1199 1083 1105 1101 1215 1907 1926 2271 2374 2450 2305 2261 2363 2466 2533 1 1 1 1 3 2 2 2 3 4 4 5 5 5 4 4 4 4 4
3 4 1 1 1 1 1 1 7 1 4 11 8 1 1 1 1 1 1 3 4 1 1 1 1 1 1 7 1 3 10 7 1 1 1 1 1 0
0 1 1 1 1 1 1 1 1 1 1 1 1 1 1 1 1 1 1 1 1 1 1 1 1 1 1 1 1 1 1 1 1 1 1 1 1 0
0 39 23 29 43 41 45 59 38 49 60 59 61 1 1 1 1 1 1 1 1 1 1 1 1 1 2 1 1 2 1 1 1 1 1 1 1 0
430 386 411 420 419 491 446 416 417 419 909 467 380 301 320 305 267 256 138 8 7 8 8 8 9 8 8 7 7 16 8 6 5 5 5 4 4 2
0 1 1 1 1 1 1 1 1 1 1 1 1 1 1 1 1 1 1 1 1 1 1 1 1 1 1 1 1 1 1 1 1 1 1 1 1 0
238 219 214 202 181 126 128 94 99 108 70 69 70 50 64 67 69 81 84 9 9 9 8 7 5 5 4 4 5 3 3 3 2 3 3 3 4 4
0 1 1 1 1 1 1 1 183 145 163 168 194 236 240 231 235 246 171 1 1 1 1 1 1 1 1 3 3 3 3 3 3 3 3 3 3 2
0 1 1 1 1 1 1 895 752 723 764 712 641 658 1 897 1 1 1 1 1 1 1 1 1 1 45 37 36 38 35 31 32 1 43 1 1 0
0 1 1 1 1 1 1 100 177 145 129 161 135 1 1 1 1 1 1 1 1 1 1 1 1 1 2 4 3 3 4 3 1 1 1 1 1 0
0 1 1 1 1 1 1 1 1 1 1 1 1 1 1 1 1 1 1 1 1 1 1 1 1 1 1 1 1 1 1 1 1 1 1 1 1 0
0 1 1 1 1 1 1 1 1 1 1 1 1 1 1 1 1 1 1 1 1 1 1 2 1 1 1 2 1 2 1 1 1 2 1 1 2 2
370 353 293 344 343 372 288 277 298 252 219 211 202 198 159 172 153 129 128 10 10 8 10 10 11 8 8 9 7 7 6 6 6 5 5 5 4 4
4 9 6 3 2 4 7 7 8 5 10 4 1 1 4 5 5 2 1 1 2 1 1 1 1 1 1 1 1 1 1 1 1 1 1 1 1 0
0 1 1 1 1 1 1 1 1 1 1 1 1 1 1 1 1 1 1 1 1 1 1 1 1 1 1 1 1 1 1 1 1 1 1 1 1 0
700 900 567 300 411 200 821 690 780 320 520 343 279 1 1 1 1 1 1 6 7 4 2 3 1 6 5 5 2 3 2 1 1 1 1 1 1 0
551 517 565 565 497 604 588 652 597 561 540 530 602 627 1 1 1 1 1 2 2 2 2 1 2 2 2 2 2 1 1 2 2 1 1 1 1 0
0 7 8 4 1 1 1 3 5 6 6 3 10 3 1 1 1 1 1 1 2 2 1 1 1 1 1 1 1 1 1 2 1 1 1 1 1 0
0 1 1 1 1 1 1 1 1 1 1 1 1 1 1 1 1 1 1 1 1 1 1 1 1 1 1 1 1 1 1 1 1 1 1 1 1 0
4 6 6 1 7 4 1 4 6 4 4 3 12 7 6 4 5 9 7 1 1 1 1 1 1 1 1 1 1 1 1 2 1 1 1 1 2 1
0 1 1 1 1 1 1 1 1 1 1 1 1 1 1 1 1 1 1 1 1 1 1 1 1 1 1 1 1 1 1 1 1 1 1 1 1 0
0 1 1 1 19 19 23 23 17 11 1 1 1 1 1 1 1 1 1 1 1 1 1 4 4 5 5 4 2 1 1 1 1 1 1 1 1 0
0 1 1 1 1 1 1 1 1 1 1 1 1 1 1 1 1 1 1 1 1 1 1 1 1 1 1 1 1 1 1 1 1 1 1 1 1 0
26 1 1 39 35 37 50 45 48 38 33 32 28 35 19 21 21 33 37 2 1 1 3 2 3 4 3 3 3 2 2 2 2 1 1 1 2 2
0 1 1 1 1 1 1 27 5 12 1 1 1 1 1 1 1 1 1 1 1 1 1 1 1 1 14 2 5 1 1 1 1 1 1 1 1 0
10737 10285 10088 10087 9329 9921 10452 8867 14006 19803 25757 27213 25967 23063 20010 20762 24559 32079 36685 10 10 9 9 8 9 9 8 12 17 22 23 22 19 16 17 19 25 29
0 1 1 1 1 1 1 1 1 1 1 1 1 1 1 1 1 1 1 1 1 1 1 1 1 1 1 1 1 1 1 1 1 1 1 1 1 0
0 1 1 1 1 1 1 1 1 1 1 1 1 1 1 1 1 1 1 1 3 1 1 2 2 2 1 1 1 1 1 1 1 1 1 1 1 0
0 1 1 343 333 398 336 295 212 219 239 266 199 205 213 214 184 191 196 1 1 1 13 13 15 13 11 8 8 8 9 7 7 7 7 6 6 6
0 1 27 20 14 22 25 12 24 21 15 21 17 10 20 17 28 15 14 1 1 4 3 2 3 4 1 3 3 2 3 2 1 3 2 4 2 2
0 1 1 1 1 1 1 1 1 1 1 1 1 1 1 1 1 1 1 1 1 1 1 1 20 20 1 20 1 1 1 20 1 1 1 1 1 0
461 543 462 510 470 469 498 517 426 432 451 441 383 429 355 431 594 761 510 1 1 1 1 1 1 1 1 1 1 1 1 1 1 1 1 1 2 1
0 1100 1040 1044 1130 1089 894 849 995 823 875 849 1 1 1 1 1 1 1 1 6 5 5 5 5 4 3 4 3 3 3 1 1 1 1 1 1 0
1041 916 814 764 743 676 777 749 791 879 801 1055 1436 1238 1230 1152 1198 1 1 2 1 1 1 1 1 1 1 1 1 1 2 2 2 2 2 2 1 0
380 353 346 1 352 1 1 1 354 388 314 308 388 1 1 1 1 1 1 21 19 18 1 18 1 1 1 17 18 14 14 17 1 1 1 1 1 0
0 1 1 1 1 1 1 1 1 1 1 1 1 1 1 1 1 1 1 1 1 1 1 1 1 1 1 1 1 1 1 1 1 1 1 1 1 0
635 848 858 757 936 878 610 841 892 806 813 679 642 606 558 1 627 1 1 2 3 3 3 3 3 2 3 3 2 3 2 2 2 2 1 2 1 0
180 202 195 202 191 174 128 143 150 154 144 143 145 125 123 104 94 132 100 1 1 1 1 1 1 1 1 1 1 1 1 1 1 1 1 1 1 0
0 1 1 1 1 1 8 12 11 8 1 1 1 1 1 1 1 1 1 1 1 1 1 1 1 3 4 4 3 1 1 1 1 1 1 1 1 0
52 51 60 44 45 61 49 48 51 67 43 39 41 46 43 48 50 35 1 1 1 1 1 1 1 1 1 1 1 1 1 1 1 1 1 1 1 0
476 537 554 635 646 729 722 714 736 802 785 738 673 594 525 524 453 1 1 9 10 10 11 12 13 13 12 12 13 13 12 11 9 8 8 7 1 0
0 1 1 1 1 1 1 1 1 1 1 831 788 1 1 1 1 1 1 1 1 1 1 1 1 1 1 1 1 1 4 4 1 1 1 1 1 0
0 1 1 1 1 1 1 1 1 1 1 1 1 1 1 1 64201 1 1 1 1 1 1 1 1 1 1 1 1 1 1 1 1 1 1 34 1 0
0 1 1 1 1 1 1 1 1 1 1 1 1 1 1 1 1 1 1 1 1 1 1 1 1 1 1 1 1 1 1 1 1 1 1 1 1 0
47 55 60 70 49 44 46 42 35 35 43 30 29 22 35 25 19 31 25 2 2 2 3 2 2 2 2 1 1 2 1 1 1 1 1 1 1 1
0 1 1 1 1 1 1 1 1 1 1 1 1 1 1 1 1 1 1 1 1 1 1 1 1 1 1 1 1 1 1 1 1 1 1 1 1 0
48 37 46 51 36 33 33 30 34 29 29 111 27 46 29 24 27 28 25 1 1 1 1 1 1 1 1 1 1 1 2 1 1 1 1 1 1 0
0 1 28 35 42 53 121 37 47 37 48 34 39 97 12 16 18 24 13 1 1 1 1 1 2 4 1 1 1 1 1 1 2 1 1 1 1 0
8906 9593 9466 9346 9614 9782 10048 10556 12059 12491 13190 13860 13846 13937 13276 9486 8516 8235 8241 6 6 6 6 6 6 6 6 7 7 7 7 7 7 6 4 4 3 3
0 1 1 1 1 1 1 1 1 1 1 1 1 1 1 3 1 1 2 1 1 1 1 1 1 1 1 1 1 1 1 1 1 1 16 1 1 11
299 306 376 337 308 364 221 279 493 562 460 549 637 663 604 471 405 397 392 9 9 11 10 9 10 6 8 14 15 12 14 16 17 15 11 10 9 9
465 436 470 609 1 603 610 520 603 697 713 1 1 1 1 1 1 1 1 7 7 7 9 1 9 9 7 8 9 9 1 1 1 1 1 1 1 0
995 1314 1372 1285 1209 887 742 783 833 821 741 657 649 604 578 617 669 541 497 18 24 24 22 21 15 12 13 13 13 11 10 10 9 8 9 9 7 7
0 1 1 1 1 1 1 1 1 1 1 1617 1968 2013 2076 2247 2435 2487 1 1 1 1 1 1 1 1 1 1 1 1 5 6 6 6 7 7 7 0
5735 5852 6553 6436 6344 6434 6200 5962 5820 9088 8645 8489 8484 9153 9756 9646 11379 8826 6895 7 7 8 7 7 7 7 6 6 9 9 8 8 9 9 9 10 8 6
855 776 716 662 633 555 490 525 326 387 384 422 409 305 287 298 260 287 277 2 2 1 1 1 1 1 1 1 1 1 1 1 1 1 1 1 1 0
116 105 119 149 144 135 155 185 124 130 124 114 122 144 92 100 66 76 81 1 1 1 1 1 1 1 1 1 1 1 1 1 1 1 1 1 1 0
734 802 820 818 843 825 783 774 874 956 1030 1179 1015 924 704 614 704 729 641 20 21 22 22 23 22 21 21 24 26 28 33 28 26 20 18 21 23 21
1 5 1 1 5 6 5 9 12 8 4 4 7 9 9 1 1 1 1 1 1 1 1 1 1 1 1 1 1 1 1 1 1 1 1 1 1 0
369 407 370 386 419 411 415 430 429 532 484 403 435 352 377 375 361 301 309 1 1 1 1 1 1 1 1 1 1 1 1 1 1 1 1 1 1 0
433 411 401 319 277 296 262 217 236 246 267 304 229 169 130 189 200 141 158 10 9 9 7 6 7 6 5 5 6 6 7 5 4 3 4 4 3 3
0 1 1 1 23 25 19 24 18 15 1 1 1 1 1 1 1 1 1 1 1 1 1 2 3 2 2 2 1 1 1 1 1 1 1 1 1 0
556 699 656 696 487 433 357 379 302 258 266 205 212 218 325 339 306 255 250 2 3 3 3 2 2 1 1 1 1 1 1 1 1 1 1 1 1 1
41090 42921 44252 41764 39256 35636 28844 25377 18188 17659 16690 16175 16247 16033 16516 16646 15864 13293 11964 28 29 30 28 27 24 20 17 12 12 11 11 11 11 11 11 10 9 8
0 1 1 1 1 1 319 268 144 1 291 1 256 359 428 293 1 1 1 1 1 1 1 1 1 3 2 1 1 2 1 2 3 3 2 1 1 0
0 1 1 1 1 1 1 1 1 1 1 1 1 1 1 1 1 1 1 1 1 1 1 18 1 1 1 1 1 1 1 1 1 1 1 1 1 0
3 6 5 10 11 8 17 16 23 27 21 34 18 1 1 1 1 1 1 6 13 11 21 23 17 35 33 47 55 42 68 36 1 1 1 1 1 0
23 34 42 36 37 41 43 29 39 39 44 46 39 33 34 28 30 53 39 14 21 26 22 22 25 26 17 22 22 25 26 22 18 19 15 16 29 21
0 1 1 1 1 1 1 1 1 1 1 8 2 8 8 6 10 1 1 1 1 1 1 1 1 1 1 1 1 1 21 5 21 22 16 27 1 0
0 1 1 1 1 1 1 1 1 1 1 1 1 1 1 1 1 1 1 1 1 1 1 1 1 1 1 15 15 1 1 1 1 1 1 1 1 0
20 12 20 18 29 26 20 40 16 23 25 21 28 1 1 1 40 1 1 18 11 18 16 26 23 18 36 14 21 23 19 25 1 1 1 36 1 0
0 1 1 1 1 1 1 1 1 16 16 1 1 6 1 1 1 1 1 1 1 1 1 1 1 1 1 1 8 8 1 1 3 1 1 1 1 0
0 1 1 1 1 1 1 1 1 1 1 1 1 1 1 1 1 1 1 1 1 3 1 1 1 1 1 1 1 1 1 1 1 1 1 1 1 0
0 1 1 1 1 1 4 4 14 5 6 6 1 1 1 1 1 1 1 1 1 1 1 1 1 2 2 8 2 3 3 1 1 1 1 1 1 0
173 229 285 250 301 297 255 265 1 1 1 1 1 1 1 472 1 419 1 1 1 1 1 1 1 1 1 1 1 1 1 1 1 1 1 1 1 0
0 1 1 1 1 1 1 1 1 1 1 1 1 1 1 39 1 1 1 1 1 1 1 1 1 1 1 1 1 1 1 1 1 1 1 1 1 0
228 243 200 176 164 147 156 171 113 73 106 62 90 41 55 42 38 48 44 2 2 2 1 1 1 1 1 6 4 5 3 4 2 3 2 2 2 2
0 1 1 1 10 1 9 8 6 14 9 16 4 18 16 7 12 1 1 1 1 1 1 11 1 10 8 6 15 9 17 4 19 16 7 12 1 0
0 1 1 1 112 99 101 134 184 158 163 187 113 1 1 124 1 1 1 1 1 1 1 2 1 1 2 2 2 2 2 1 1 1 1 1 1 0
41 32 31 27 20 21 17 18 27 20 19 16 11 17 14 14 18 11 9 1 1 1 1 1 1 1 1 1 1 1 1 1 1 1 1 1 1 0
0 1 1 1 1 1 1 1 1 1 1 1 1 1 1 1 1 1 1 1 1 1 1 1 1 1 1 1 1 1 1 1 1 1 1 1 1 0
129 118 121 137 108 93 82 82 86 78 82 88 63 71 69 44 57 80 62 2 2 2 2 2 1 1 1 1 1 1 1 1 1 1 1 1 1 1
36 28 36 21 27 20 12 24 10 13 15 16 14 12 16 20 10 19 10 1 1 1 1 1 1 1 1 1 1 1 1 1 1 1 1 1 1 0
0 1 1 1 20 26 23 26 19 1 1 1 1 1 1 1 1 1 1 1 1 1 1 4 5 4 5 3 1 1 1 1 1 1 1 1 1 0
0 1 1 1 1 1 1 1 1 1 1 1 1 1 1 1 1 1 1 1 1 1 1 1 1 1 1 1 1 1 1 1 1 1 1 1 1 0
21758 21405 21553 19824 18793 18528 19106 18400 18084 16767 15893 15554 16213 17023 17805 18673 19016 20355 21036 48 46 46 42 39 38 39 37 36 33 31 29 30 31 32 33 33 35 36
0 1 1 1 1 1 1 1 1 1 1 1 1504 1 1 1 1 1 1 1 1 1 1 1 1 1 1 1 1 1 1 14 1 1 1 1 1 0
553 577 564 587 520 518 476 482 407 412 401 385 364 302 323 302 294 307 290 1 1 1 1 1 1 1 1 1 1 1 1 1 1 1 1 1 1 0
0 1 1 1310 1377 1219 2044 1 2002 1099 763 732 676 619 553 487 530 486 514 1 1 1 6 7 6 10 1 10 5 3 3 3 2 2 2 2 2 2
42 56 85 94 96 83 1 1 47 44 32 24 26 24 24 54 19 34 24 1 1 2 2 2 2 1 1 1 1 1 1 1 1 1 1 1 1 0
0 1 1 1 1 1 1 1511 1702 1 1 1 1 1 1 1 1 1 1 1 1 1 1 1 1 1 4 5 1 1 1 1 1 1 1 1 1 0
68 79 57 60 46 69 62 45 43 1 1 1 1 29 32 34 41 31 1 14 16 11 12 9 13 12 8 8 1 1 1 1 5 5 6 7 5 0
96 87 101 85 107 83 91 111 82 93 91 81 68 87 87 112 106 113 108 1 1 1 1 1 1 1 1 1 1 1 1 1 1 1 1 1 1 1
69 86 86 73 78 75 60 51 54 51 52 46 45 57 41 57 45 45 50 1 1 1 1 1 1 1 1 1 1 1 1 1 1 1 1 1 1 0
357 376 368 405 426 430 446 533 529 476 463 1 1 1 1 1 1 1 149 2 2 2 2 2 2 2 2 2 2 2 1 1 1 1 1 1 1 0
283 233 180 164 142 157 194 132 100 97 181 126 1 1 1 1 1 1 1 4 3 2 2 2 2 2 1 1 1 2 1 1 1 1 1 1 1 0
5142 5020 4538 6434 4273 4806 4687 4435 3974 3703 3654 3307 3323 2894 2649 2387 2229 1787 1 8 7 7 9 6 7 7 6 5 5 5 4 4 4 3 3 3 2 0
0 1 1 1 23 46 49 62 35 32 39 1 1 1 1 49 1 1 1 1 1 1 1 2 4 4 5 3 2 3 1 1 1 1 4 1 1 0
0 1 1 1 1 1 1 1 1 1 1 1 1 1 1 1 1 1 1 1 1 1 1 1 1 1 1 1 1 1 1 1 1 1 1 1 1 0
0 1 1 1 1 1 1 1 1 1 1 1 1 1 1 1 1 1 1 1 1 1 1 1 1 1 1 1 1 1 1 1 1 1 1 1 1 0
1 6 6 6 2 4 8 1 4 8 1 2 1 1 1 1 1 1 1 1 6 6 6 1 3 7 1 3 7 1 1 1 1 1 1 1 1 0
120 151 171 229 260 386 371 391 547 507 473 352 380 407 405 420 1 1 1 9 11 13 17 20 29 28 29 41 38 35 26 28 30 29 30 1 1 0
0 1 1 1 195 260 249 273 280 255 286 1 332 1 1 1 1 1 1 1 1 1 1 1 2 2 2 2 2 2 1 3 1 1 1 1 1 0
0 1 1 2837 2914 3305 3168 3599 3257 3692 3064 3061 3216 1 1 2235 2665 2503 2133 1 1 1 4 4 4 4 5 4 5 4 4 4 1 1 2 3 3 2
267 248 241 233 209 206 203 1 1 1 1 1 1 1 1 1 1 1 1 5 5 5 5 4 4 4 1 1 1 1 1 1 1 1 1 1 1 0
0 1 2 1 1 1 1 2 2 2 1 1 1 4 2 1 1 1 1 1 1 8 1 1 1 1 6 6 6 1 1 1 11 5 1 1 1 0
0 1 1 1 1 1 1 1 1 1 1 1 2 1 1 1 1 1 1 1 1 1 1 1 1 1 1 1 1 9 9 18 1 1 1 1 1 0
0 1 1 2136 2049 2492 2696 2645 2793 3233 3160 3753 4066 3857 4473 1 4482 4735 4497 1 1 1 8 7 9 9 8 9 10 9 11 11 10 12 1 11 11 10
4418 4854 4296 4041 3487 3030 2958 2646 2466 2240 1988 1 2336 1 2845 1 1 2751 1 9 10 8 8 7 6 6 5 5 4 4 1 5 1 6 1 1 6 0
0 1 1 45 27 56 39 1 1 1 67 51 69 57 61 60 66 44 1 1 1 1 1 1 1 1 1 1 1 1 1 1 1 1 1 1 1 0
0 1 1 1 1 1 1 1 1 1 1 1 1 1 1 1 1 1 1 1 1 1 1 1 1 1 1 1 1 1 1 1 1 1 1 1 1 0
764 793 944 775 779 708 710 729 639 595 633 526 543 521 510 570 706 726 23 1 1 1 1 1 1 1 1 1 1 1 1 1 1 1 1 1 1 1
0 1 1 1 1 1 1 1 1 1 1 1 1 1 1 1 1 1 1 1 1 1 1 1 1 1 1 1 1 1 1 1 1 1 1 1 1 0
0 1 1 2778 2926 1 1 1 1 1 3888 4149 4092 3697 3902 3746 3439 1 1 1 1 1 7 7 1 1 1 1 1 8 9 8 7 7 7 6 1 0
15586 19033 16229 16528 16148 16740 17309 17128 16465 15399 14722 14661 14856 14319 14164 15883 17413 17284 16214 5 6 5 5 5 5 5 5 5 5 4 4 4 4 4 4 5 5 4
23 28 41 31 37 37 43 43 46 50 56 45 52 1 1 1 1 1 1 21 25 37 28 34 34 40 40 43 46 52 42 49 1 1 1 1 1 0
214 218 231 197 200 190 202 194 221 226 205 199 267 260 268 293 268 284 416 6 6 6 5 6 5 6 5 6 6 6 5 7 7 7 8 7 8 12
1068 1081 1058 963 962 910 861 815 831 1 1 1 1 1 450 506 444 363 1 4 4 4 3 3 3 3 2 3 1 1 1 1 1 1 1 1 1 0
0 1 1 1 1 1 1 1 1 1 1 1 1 1 1 1 1 1 1 1 1 1 1 1 1 1 1 1 1 1 1 1 1 1 1 1 1 0
8022 7960 9617 11342 9719 9964 12257 13156 14589 13985 13080 14098 16072 1 19030 15654 17778 14665 10598 33 32 38 44 37 37 45 48 52 49 45 48 54 1 63 52 59 49 36
0 1004 1067 1059 1063 1053 1048 1168 1092 1233 1336 1358 1 1 1 1 1 1 1 1 1 1 1 1 1 1 1 1 1 1 1 1 1 1 1 1 1 0
0 1 1 1 1 1 1 1 1 1 1 1 1 1 1 1 1 1 1 1 1 1 1 1 1 1 1 1 1 1 1 1 1 1 1 1 1 0
0 1 1 1 1 1 1 1 1 1 1 1 1 1 1 1 1 1 1 1 1 1 1 1 1 1 1 1 1 1 1 1 1 1 1 1 1 0
697 1 1 704 646 945 895 850 874 990 1099 1375 1616 1703 1 1 1 1 1 4 1 1 3 3 4 4 3 3 4 4 5 6 6 1 1 1 1 0
797 1 1 1 1 1 1 1 694 812 814 863 885 867 825 853 1 1 1 7 1 1 1 1 1 1 1 5 6 5 6 6 5 5 5 1 1 0
0 1529 1623 1360 1356 1350 1072 1 1 1 711 1 981 1 1 1 1 1 1 1 12 13 11 11 11 8 1 1 1 5 1 7 1 1 1 1 1 0